0100111111001010010000000010010100111111001
1010011111100101001001000001001010011111100
0101001111110010100100100100100101001111110
0010100111111001010010000000010010100111111
1001010011111100101001000000001001010011111
1100101001111110010100100100100100101001111
1110010100111111001010010010010010010100111
1111001010011111100101001000000001001010011
1111100101001111110010100100000000100101001
1111110010100111111001010010010010010010100
0111111001010011111100101001001001001001010
0011111100101001111110010100100000000100101
1001111110010100111111001010010000000010010
0100111111001010011111100101001001001001001
1010011111100101001111110010100100100100100
0101001111110010100111111001010010000000010
0010100111111001010011111100101001000000001
1001010011111100101001111110010100100100100
0100101001111110010100111111001010010000010
0010010100111111001010011111100101001000000
0001001010011111100101001111110010100100000
0100100101001111110010100111111001010010010
0010010010100111111001010011111100101001000
0000001001010011111100101001111110010100100
0000000100101001111110010100111111001010010
0010010010010100111111001010011111100101001
1000001001001010011111100101001111110010100
0100000000100101001111110010100111111001010
0010010000010010100111111001010011111100101
1001001001001001010011111100101001111110010
0100100000100100101001111110010100111111001
1010010000000010010100111111001010011111100
0101001001000001001010011111100101001111110
0010100100100100100101001111110010100111111
1001010010000010010010100111111001010011111
1100101001000000001001010011111100101001111
1110010100100100000100101001111110010100111
1111001010010010010010010100111111001010011
1111100101001000000001001010011111100101001
1111110010100100000000100101001111110010100
0111111001010010010000010010100111111001010
0011111100101001001001001001010011111100101
1001111110010100100000000100101001111110010
